0,273
0,270
3,2
3,1
3,3
10,187
10,85
10,141
10,211
10,81
10,265
10,209
10,181
11,23
9,7
9,5
8,12
8,6
8,11
8,4
8,18
89,5
89,4
89,3
89,2
89,1
89,0
87,3
87,2
87,1
87,0
86,4
86,3
86,2
86,1
86,0
85,5
85,4
85,3
85,2
85,1
85,0
82,3
82,2
82,1
82,0
81,3
81,2
81,1
81,0
79,3
79,2
79,1
79,0
78,3
78,2
78,1
78,0
77,3
77,2
77,1
77,0
20,3
20,2
20,1
19,3
19,2
19,1
18,3
18,1
14,3
14,1
13,3
13,1
12,3
12,2
12,1
11,30
11,28
11,27
11,26
11,25
11,24
11,22
11,21
11,20
11,19
11,18
11,15
11,14
11,13
11,12
11,11
11,10
11,9
11,8
11,7
11,6
11,5
11,4
11,3
11,2
11,1
10,301
10,299
10,290
10,248
10,202
